A   	B   	OP	N	Z	V	C	RES
513,529c513,529
< 0000	0000	10	0	1	0	0	0000
< 0001	0000	10	0	1	0	0	0000
< 0010	0000	10	0	1	0	0	0000
< 0011	0000	10	0	1	0	0	0000
< 0100	0000	10	0	1	0	0	0000
< 0101	0000	10	0	1	0	0	0000
< 0110	0000	10	0	1	0	0	0000
< 0111	0000	10	0	1	0	0	0000
< 1000	0000	10	0	1	0	0	0000
< 1001	0000	10	0	1	0	0	0000
< 1010	0000	10	0	1	0	0	0000
< 1011	0000	10	0	1	0	0	0000
< 1100	0000	10	0	1	0	0	0000
< 1101	0000	10	0	1	0	0	0000
< 1110	0000	10	0	1	0	0	0000
< 1111	0000	10	0	1	0	0	0000
< 0000	0001	10	0	1	0	0	0000
---
> 0000	0000	10	1	0	0	0	0000
> 0001	0000	10	1	0	0	0	0000
> 0010	0000	10	1	0	0	0	0000
> 0011	0000	10	1	0	0	0	0000
> 0100	0000	10	1	0	0	0	0000
> 0101	0000	10	1	0	0	0	0000
> 0110	0000	10	1	0	0	0	0000
> 0111	0000	10	1	0	0	0	0000
> 1000	0000	10	1	0	0	0	0000
> 1001	0000	10	1	0	0	0	0000
> 1010	0000	10	1	0	0	0	0000
> 1011	0000	10	1	0	0	0	0000
> 1100	0000	10	1	0	0	0	0000
> 1101	0000	10	1	0	0	0	0000
> 1110	0000	10	1	0	0	0	0000
> 1111	0000	10	1	0	0	0	0000
> 0000	0001	10	1	0	0	0	0000
531c531
< 0010	0001	10	0	1	0	0	0000
---
> 0010	0001	10	1	0	0	0	0000
533c533
< 0100	0001	10	0	1	0	0	0000
---
> 0100	0001	10	1	0	0	0	0000
535c535
< 0110	0001	10	0	1	0	0	0000
---
> 0110	0001	10	1	0	0	0	0000
537c537
< 1000	0001	10	0	1	0	0	0000
---
> 1000	0001	10	1	0	0	0	0000
539c539
< 1010	0001	10	0	1	0	0	0000
---
> 1010	0001	10	1	0	0	0	0000
541c541
< 1100	0001	10	0	1	0	0	0000
---
> 1100	0001	10	1	0	0	0	0000
543c543
< 1110	0001	10	0	1	0	0	0000
---
> 1110	0001	10	1	0	0	0	0000
545,546c545,546
< 0000	0010	10	0	1	0	0	0000
< 0001	0010	10	0	1	0	0	0000
---
> 0000	0010	10	1	0	0	0	0000
> 0001	0010	10	1	0	0	0	0000
549,550c549,550
< 0100	0010	10	0	1	0	0	0000
< 0101	0010	10	0	1	0	0	0000
---
> 0100	0010	10	1	0	0	0	0000
> 0101	0010	10	1	0	0	0	0000
553,554c553,554
< 1000	0010	10	0	1	0	0	0000
< 1001	0010	10	0	1	0	0	0000
---
> 1000	0010	10	1	0	0	0	0000
> 1001	0010	10	1	0	0	0	0000
557,558c557,558
< 1100	0010	10	0	1	0	0	0000
< 1101	0010	10	0	1	0	0	0000
---
> 1100	0010	10	1	0	0	0	0000
> 1101	0010	10	1	0	0	0	0000
561c561
< 0000	0011	10	0	1	0	0	0000
---
> 0000	0011	10	1	0	0	0	0000
565c565
< 0100	0011	10	0	1	0	0	0000
---
> 0100	0011	10	1	0	0	0	0000
569c569
< 1000	0011	10	0	1	0	0	0000
---
> 1000	0011	10	1	0	0	0	0000
573c573
< 1100	0011	10	0	1	0	0	0000
---
> 1100	0011	10	1	0	0	0	0000
577,580c577,580
< 0000	0100	10	0	1	0	0	0000
< 0001	0100	10	0	1	0	0	0000
< 0010	0100	10	0	1	0	0	0000
< 0011	0100	10	0	1	0	0	0000
---
> 0000	0100	10	1	0	0	0	0000
> 0001	0100	10	1	0	0	0	0000
> 0010	0100	10	1	0	0	0	0000
> 0011	0100	10	1	0	0	0	0000
585,588c585,588
< 1000	0100	10	0	1	0	0	0000
< 1001	0100	10	0	1	0	0	0000
< 1010	0100	10	0	1	0	0	0000
< 1011	0100	10	0	1	0	0	0000
---
> 1000	0100	10	1	0	0	0	0000
> 1001	0100	10	1	0	0	0	0000
> 1010	0100	10	1	0	0	0	0000
> 1011	0100	10	1	0	0	0	0000
593c593
< 0000	0101	10	0	1	0	0	0000
---
> 0000	0101	10	1	0	0	0	0000
595c595
< 0010	0101	10	0	1	0	0	0000
---
> 0010	0101	10	1	0	0	0	0000
601c601
< 1000	0101	10	0	1	0	0	0000
---
> 1000	0101	10	1	0	0	0	0000
603c603
< 1010	0101	10	0	1	0	0	0000
---
> 1010	0101	10	1	0	0	0	0000
609,610c609,610
< 0000	0110	10	0	1	0	0	0000
< 0001	0110	10	0	1	0	0	0000
---
> 0000	0110	10	1	0	0	0	0000
> 0001	0110	10	1	0	0	0	0000
617,618c617,618
< 1000	0110	10	0	1	0	0	0000
< 1001	0110	10	0	1	0	0	0000
---
> 1000	0110	10	1	0	0	0	0000
> 1001	0110	10	1	0	0	0	0000
625c625
< 0000	0111	10	0	1	0	0	0000
---
> 0000	0111	10	1	0	0	0	0000
633c633
< 1000	0111	10	0	1	0	0	0000
---
> 1000	0111	10	1	0	0	0	0000
641,657c641,657
< 0000	1000	10	0	1	0	0	0000
< 0001	1000	10	0	1	0	0	0000
< 0010	1000	10	0	1	0	0	0000
< 0011	1000	10	0	1	0	0	0000
< 0100	1000	10	0	1	0	0	0000
< 0101	1000	10	0	1	0	0	0000
< 0110	1000	10	0	1	0	0	0000
< 0111	1000	10	0	1	0	0	0000
< 1000	1000	10	1	0	0	0	1000
< 1001	1000	10	1	0	0	0	1000
< 1010	1000	10	1	0	0	0	1000
< 1011	1000	10	1	0	0	0	1000
< 1100	1000	10	1	0	0	0	1000
< 1101	1000	10	1	0	0	0	1000
< 1110	1000	10	1	0	0	0	1000
< 1111	1000	10	1	0	0	0	1000
< 0000	1001	10	0	1	0	0	0000
---
> 0000	1000	10	1	0	0	0	0000
> 0001	1000	10	1	0	0	0	0000
> 0010	1000	10	1	0	0	0	0000
> 0011	1000	10	1	0	0	0	0000
> 0100	1000	10	1	0	0	0	0000
> 0101	1000	10	1	0	0	0	0000
> 0110	1000	10	1	0	0	0	0000
> 0111	1000	10	1	0	0	0	0000
> 1000	1000	10	0	1	0	0	1000
> 1001	1000	10	0	1	0	0	1000
> 1010	1000	10	0	1	0	0	1000
> 1011	1000	10	0	1	0	0	1000
> 1100	1000	10	0	1	0	0	1000
> 1101	1000	10	0	1	0	0	1000
> 1110	1000	10	0	1	0	0	1000
> 1111	1000	10	0	1	0	0	1000
> 0000	1001	10	1	0	0	0	0000
659c659
< 0010	1001	10	0	1	0	0	0000
---
> 0010	1001	10	1	0	0	0	0000
661c661
< 0100	1001	10	0	1	0	0	0000
---
> 0100	1001	10	1	0	0	0	0000
663c663
< 0110	1001	10	0	1	0	0	0000
---
> 0110	1001	10	1	0	0	0	0000
665,674c665,674
< 1000	1001	10	1	0	0	0	1000
< 1001	1001	10	1	0	0	0	1001
< 1010	1001	10	1	0	0	0	1000
< 1011	1001	10	1	0	0	0	1001
< 1100	1001	10	1	0	0	0	1000
< 1101	1001	10	1	0	0	0	1001
< 1110	1001	10	1	0	0	0	1000
< 1111	1001	10	1	0	0	0	1001
< 0000	1010	10	0	1	0	0	0000
< 0001	1010	10	0	1	0	0	0000
---
> 1000	1001	10	0	1	0	0	1000
> 1001	1001	10	0	1	0	0	1001
> 1010	1001	10	0	1	0	0	1000
> 1011	1001	10	0	1	0	0	1001
> 1100	1001	10	0	1	0	0	1000
> 1101	1001	10	0	1	0	0	1001
> 1110	1001	10	0	1	0	0	1000
> 1111	1001	10	0	1	0	0	1001
> 0000	1010	10	1	0	0	0	0000
> 0001	1010	10	1	0	0	0	0000
677,678c677,678
< 0100	1010	10	0	1	0	0	0000
< 0101	1010	10	0	1	0	0	0000
---
> 0100	1010	10	1	0	0	0	0000
> 0101	1010	10	1	0	0	0	0000
681,689c681,689
< 1000	1010	10	1	0	0	0	1000
< 1001	1010	10	1	0	0	0	1000
< 1010	1010	10	1	0	0	0	1010
< 1011	1010	10	1	0	0	0	1010
< 1100	1010	10	1	0	0	0	1000
< 1101	1010	10	1	0	0	0	1000
< 1110	1010	10	1	0	0	0	1010
< 1111	1010	10	1	0	0	0	1010
< 0000	1011	10	0	1	0	0	0000
---
> 1000	1010	10	0	1	0	0	1000
> 1001	1010	10	0	1	0	0	1000
> 1010	1010	10	0	1	0	0	1010
> 1011	1010	10	0	1	0	0	1010
> 1100	1010	10	0	1	0	0	1000
> 1101	1010	10	0	1	0	0	1000
> 1110	1010	10	0	1	0	0	1010
> 1111	1010	10	0	1	0	0	1010
> 0000	1011	10	1	0	0	0	0000
693c693
< 0100	1011	10	0	1	0	0	0000
---
> 0100	1011	10	1	0	0	0	0000
697,708c697,708
< 1000	1011	10	1	0	0	0	1000
< 1001	1011	10	1	0	0	0	1001
< 1010	1011	10	1	0	0	0	1010
< 1011	1011	10	1	0	0	0	1011
< 1100	1011	10	1	0	0	0	1000
< 1101	1011	10	1	0	0	0	1001
< 1110	1011	10	1	0	0	0	1010
< 1111	1011	10	1	0	0	0	1011
< 0000	1100	10	0	1	0	0	0000
< 0001	1100	10	0	1	0	0	0000
< 0010	1100	10	0	1	0	0	0000
< 0011	1100	10	0	1	0	0	0000
---
> 1000	1011	10	0	1	0	0	1000
> 1001	1011	10	0	1	0	0	1001
> 1010	1011	10	0	1	0	0	1010
> 1011	1011	10	0	1	0	0	1011
> 1100	1011	10	0	1	0	0	1000
> 1101	1011	10	0	1	0	0	1001
> 1110	1011	10	0	1	0	0	1010
> 1111	1011	10	0	1	0	0	1011
> 0000	1100	10	1	0	0	0	0000
> 0001	1100	10	1	0	0	0	0000
> 0010	1100	10	1	0	0	0	0000
> 0011	1100	10	1	0	0	0	0000
713,721c713,721
< 1000	1100	10	1	0	0	0	1000
< 1001	1100	10	1	0	0	0	1000
< 1010	1100	10	1	0	0	0	1000
< 1011	1100	10	1	0	0	0	1000
< 1100	1100	10	1	0	0	0	1100
< 1101	1100	10	1	0	0	0	1100
< 1110	1100	10	1	0	0	0	1100
< 1111	1100	10	1	0	0	0	1100
< 0000	1101	10	0	1	0	0	0000
---
> 1000	1100	10	0	1	0	0	1000
> 1001	1100	10	0	1	0	0	1000
> 1010	1100	10	0	1	0	0	1000
> 1011	1100	10	0	1	0	0	1000
> 1100	1100	10	0	1	0	0	1100
> 1101	1100	10	0	1	0	0	1100
> 1110	1100	10	0	1	0	0	1100
> 1111	1100	10	0	1	0	0	1100
> 0000	1101	10	1	0	0	0	0000
723c723
< 0010	1101	10	0	1	0	0	0000
---
> 0010	1101	10	1	0	0	0	0000
729,738c729,738
< 1000	1101	10	1	0	0	0	1000
< 1001	1101	10	1	0	0	0	1001
< 1010	1101	10	1	0	0	0	1000
< 1011	1101	10	1	0	0	0	1001
< 1100	1101	10	1	0	0	0	1100
< 1101	1101	10	1	0	0	0	1101
< 1110	1101	10	1	0	0	0	1100
< 1111	1101	10	1	0	0	0	1101
< 0000	1110	10	0	1	0	0	0000
< 0001	1110	10	0	1	0	0	0000
---
> 1000	1101	10	0	1	0	0	1000
> 1001	1101	10	0	1	0	0	1001
> 1010	1101	10	0	1	0	0	1000
> 1011	1101	10	0	1	0	0	1001
> 1100	1101	10	0	1	0	0	1100
> 1101	1101	10	0	1	0	0	1101
> 1110	1101	10	0	1	0	0	1100
> 1111	1101	10	0	1	0	0	1101
> 0000	1110	10	1	0	0	0	0000
> 0001	1110	10	1	0	0	0	0000
745,753c745,753
< 1000	1110	10	1	0	0	0	1000
< 1001	1110	10	1	0	0	0	1000
< 1010	1110	10	1	0	0	0	1010
< 1011	1110	10	1	0	0	0	1010
< 1100	1110	10	1	0	0	0	1100
< 1101	1110	10	1	0	0	0	1100
< 1110	1110	10	1	0	0	0	1110
< 1111	1110	10	1	0	0	0	1110
< 0000	1111	10	0	1	0	0	0000
---
> 1000	1110	10	0	1	0	0	1000
> 1001	1110	10	0	1	0	0	1000
> 1010	1110	10	0	1	0	0	1010
> 1011	1110	10	0	1	0	0	1010
> 1100	1110	10	0	1	0	0	1100
> 1101	1110	10	0	1	0	0	1100
> 1110	1110	10	0	1	0	0	1110
> 1111	1110	10	0	1	0	0	1110
> 0000	1111	10	1	0	0	0	0000
761,769c761,769
< 1000	1111	10	1	0	0	0	1000
< 1001	1111	10	1	0	0	0	1001
< 1010	1111	10	1	0	0	0	1010
< 1011	1111	10	1	0	0	0	1011
< 1100	1111	10	1	0	0	0	1100
< 1101	1111	10	1	0	0	0	1101
< 1110	1111	10	1	0	0	0	1110
< 1111	1111	10	1	0	0	0	1111
< 0000	0000	11	0	1	0	0	0000
---
> 1000	1111	10	0	1	0	0	1000
> 1001	1111	10	0	1	0	0	1001
> 1010	1111	10	0	1	0	0	1010
> 1011	1111	10	0	1	0	0	1011
> 1100	1111	10	0	1	0	0	1100
> 1101	1111	10	0	1	0	0	1101
> 1110	1111	10	0	1	0	0	1110
> 1111	1111	10	0	1	0	0	1111
> 0000	0000	11	1	0	0	0	0000
777,784c777,784
< 1000	0000	11	1	0	0	0	1000
< 1001	0000	11	1	0	0	0	1001
< 1010	0000	11	1	0	0	0	1010
< 1011	0000	11	1	0	0	0	1011
< 1100	0000	11	1	0	0	0	1100
< 1101	0000	11	1	0	0	0	1101
< 1110	0000	11	1	0	0	0	1110
< 1111	0000	11	1	0	0	0	1111
---
> 1000	0000	11	0	1	0	0	1000
> 1001	0000	11	0	1	0	0	1001
> 1010	0000	11	0	1	0	0	1010
> 1011	0000	11	0	1	0	0	1011
> 1100	0000	11	0	1	0	0	1100
> 1101	0000	11	0	1	0	0	1101
> 1110	0000	11	0	1	0	0	1110
> 1111	0000	11	0	1	0	0	1111
793,800c793,800
< 1000	0001	11	1	0	0	0	1001
< 1001	0001	11	1	0	0	0	1001
< 1010	0001	11	1	0	0	0	1011
< 1011	0001	11	1	0	0	0	1011
< 1100	0001	11	1	0	0	0	1101
< 1101	0001	11	1	0	0	0	1101
< 1110	0001	11	1	0	0	0	1111
< 1111	0001	11	1	0	0	0	1111
---
> 1000	0001	11	0	1	0	0	1001
> 1001	0001	11	0	1	0	0	1001
> 1010	0001	11	0	1	0	0	1011
> 1011	0001	11	0	1	0	0	1011
> 1100	0001	11	0	1	0	0	1101
> 1101	0001	11	0	1	0	0	1101
> 1110	0001	11	0	1	0	0	1111
> 1111	0001	11	0	1	0	0	1111
809,816c809,816
< 1000	0010	11	1	0	0	0	1010
< 1001	0010	11	1	0	0	0	1011
< 1010	0010	11	1	0	0	0	1010
< 1011	0010	11	1	0	0	0	1011
< 1100	0010	11	1	0	0	0	1110
< 1101	0010	11	1	0	0	0	1111
< 1110	0010	11	1	0	0	0	1110
< 1111	0010	11	1	0	0	0	1111
---
> 1000	0010	11	0	1	0	0	1010
> 1001	0010	11	0	1	0	0	1011
> 1010	0010	11	0	1	0	0	1010
> 1011	0010	11	0	1	0	0	1011
> 1100	0010	11	0	1	0	0	1110
> 1101	0010	11	0	1	0	0	1111
> 1110	0010	11	0	1	0	0	1110
> 1111	0010	11	0	1	0	0	1111
825,832c825,832
< 1000	0011	11	1	0	0	0	1011
< 1001	0011	11	1	0	0	0	1011
< 1010	0011	11	1	0	0	0	1011
< 1011	0011	11	1	0	0	0	1011
< 1100	0011	11	1	0	0	0	1111
< 1101	0011	11	1	0	0	0	1111
< 1110	0011	11	1	0	0	0	1111
< 1111	0011	11	1	0	0	0	1111
---
> 1000	0011	11	0	1	0	0	1011
> 1001	0011	11	0	1	0	0	1011
> 1010	0011	11	0	1	0	0	1011
> 1011	0011	11	0	1	0	0	1011
> 1100	0011	11	0	1	0	0	1111
> 1101	0011	11	0	1	0	0	1111
> 1110	0011	11	0	1	0	0	1111
> 1111	0011	11	0	1	0	0	1111
841,848c841,848
< 1000	0100	11	1	0	0	0	1100
< 1001	0100	11	1	0	0	0	1101
< 1010	0100	11	1	0	0	0	1110
< 1011	0100	11	1	0	0	0	1111
< 1100	0100	11	1	0	0	0	1100
< 1101	0100	11	1	0	0	0	1101
< 1110	0100	11	1	0	0	0	1110
< 1111	0100	11	1	0	0	0	1111
---
> 1000	0100	11	0	1	0	0	1100
> 1001	0100	11	0	1	0	0	1101
> 1010	0100	11	0	1	0	0	1110
> 1011	0100	11	0	1	0	0	1111
> 1100	0100	11	0	1	0	0	1100
> 1101	0100	11	0	1	0	0	1101
> 1110	0100	11	0	1	0	0	1110
> 1111	0100	11	0	1	0	0	1111
857,864c857,864
< 1000	0101	11	1	0	0	0	1101
< 1001	0101	11	1	0	0	0	1101
< 1010	0101	11	1	0	0	0	1111
< 1011	0101	11	1	0	0	0	1111
< 1100	0101	11	1	0	0	0	1101
< 1101	0101	11	1	0	0	0	1101
< 1110	0101	11	1	0	0	0	1111
< 1111	0101	11	1	0	0	0	1111
---
> 1000	0101	11	0	1	0	0	1101
> 1001	0101	11	0	1	0	0	1101
> 1010	0101	11	0	1	0	0	1111
> 1011	0101	11	0	1	0	0	1111
> 1100	0101	11	0	1	0	0	1101
> 1101	0101	11	0	1	0	0	1101
> 1110	0101	11	0	1	0	0	1111
> 1111	0101	11	0	1	0	0	1111
873,880c873,880
< 1000	0110	11	1	0	0	0	1110
< 1001	0110	11	1	0	0	0	1111
< 1010	0110	11	1	0	0	0	1110
< 1011	0110	11	1	0	0	0	1111
< 1100	0110	11	1	0	0	0	1110
< 1101	0110	11	1	0	0	0	1111
< 1110	0110	11	1	0	0	0	1110
< 1111	0110	11	1	0	0	0	1111
---
> 1000	0110	11	0	1	0	0	1110
> 1001	0110	11	0	1	0	0	1111
> 1010	0110	11	0	1	0	0	1110
> 1011	0110	11	0	1	0	0	1111
> 1100	0110	11	0	1	0	0	1110
> 1101	0110	11	0	1	0	0	1111
> 1110	0110	11	0	1	0	0	1110
> 1111	0110	11	0	1	0	0	1111
889,1024c889,1024
< 1000	0111	11	1	0	0	0	1111
< 1001	0111	11	1	0	0	0	1111
< 1010	0111	11	1	0	0	0	1111
< 1011	0111	11	1	0	0	0	1111
< 1100	0111	11	1	0	0	0	1111
< 1101	0111	11	1	0	0	0	1111
< 1110	0111	11	1	0	0	0	1111
< 1111	0111	11	1	0	0	0	1111
< 0000	1000	11	1	0	0	0	1000
< 0001	1000	11	1	0	0	0	1001
< 0010	1000	11	1	0	0	0	1010
< 0011	1000	11	1	0	0	0	1011
< 0100	1000	11	1	0	0	0	1100
< 0101	1000	11	1	0	0	0	1101
< 0110	1000	11	1	0	0	0	1110
< 0111	1000	11	1	0	0	0	1111
< 1000	1000	11	1	0	0	0	1000
< 1001	1000	11	1	0	0	0	1001
< 1010	1000	11	1	0	0	0	1010
< 1011	1000	11	1	0	0	0	1011
< 1100	1000	11	1	0	0	0	1100
< 1101	1000	11	1	0	0	0	1101
< 1110	1000	11	1	0	0	0	1110
< 1111	1000	11	1	0	0	0	1111
< 0000	1001	11	1	0	0	0	1001
< 0001	1001	11	1	0	0	0	1001
< 0010	1001	11	1	0	0	0	1011
< 0011	1001	11	1	0	0	0	1011
< 0100	1001	11	1	0	0	0	1101
< 0101	1001	11	1	0	0	0	1101
< 0110	1001	11	1	0	0	0	1111
< 0111	1001	11	1	0	0	0	1111
< 1000	1001	11	1	0	0	0	1001
< 1001	1001	11	1	0	0	0	1001
< 1010	1001	11	1	0	0	0	1011
< 1011	1001	11	1	0	0	0	1011
< 1100	1001	11	1	0	0	0	1101
< 1101	1001	11	1	0	0	0	1101
< 1110	1001	11	1	0	0	0	1111
< 1111	1001	11	1	0	0	0	1111
< 0000	1010	11	1	0	0	0	1010
< 0001	1010	11	1	0	0	0	1011
< 0010	1010	11	1	0	0	0	1010
< 0011	1010	11	1	0	0	0	1011
< 0100	1010	11	1	0	0	0	1110
< 0101	1010	11	1	0	0	0	1111
< 0110	1010	11	1	0	0	0	1110
< 0111	1010	11	1	0	0	0	1111
< 1000	1010	11	1	0	0	0	1010
< 1001	1010	11	1	0	0	0	1011
< 1010	1010	11	1	0	0	0	1010
< 1011	1010	11	1	0	0	0	1011
< 1100	1010	11	1	0	0	0	1110
< 1101	1010	11	1	0	0	0	1111
< 1110	1010	11	1	0	0	0	1110
< 1111	1010	11	1	0	0	0	1111
< 0000	1011	11	1	0	0	0	1011
< 0001	1011	11	1	0	0	0	1011
< 0010	1011	11	1	0	0	0	1011
< 0011	1011	11	1	0	0	0	1011
< 0100	1011	11	1	0	0	0	1111
< 0101	1011	11	1	0	0	0	1111
< 0110	1011	11	1	0	0	0	1111
< 0111	1011	11	1	0	0	0	1111
< 1000	1011	11	1	0	0	0	1011
< 1001	1011	11	1	0	0	0	1011
< 1010	1011	11	1	0	0	0	1011
< 1011	1011	11	1	0	0	0	1011
< 1100	1011	11	1	0	0	0	1111
< 1101	1011	11	1	0	0	0	1111
< 1110	1011	11	1	0	0	0	1111
< 1111	1011	11	1	0	0	0	1111
< 0000	1100	11	1	0	0	0	1100
< 0001	1100	11	1	0	0	0	1101
< 0010	1100	11	1	0	0	0	1110
< 0011	1100	11	1	0	0	0	1111
< 0100	1100	11	1	0	0	0	1100
< 0101	1100	11	1	0	0	0	1101
< 0110	1100	11	1	0	0	0	1110
< 0111	1100	11	1	0	0	0	1111
< 1000	1100	11	1	0	0	0	1100
< 1001	1100	11	1	0	0	0	1101
< 1010	1100	11	1	0	0	0	1110
< 1011	1100	11	1	0	0	0	1111
< 1100	1100	11	1	0	0	0	1100
< 1101	1100	11	1	0	0	0	1101
< 1110	1100	11	1	0	0	0	1110
< 1111	1100	11	1	0	0	0	1111
< 0000	1101	11	1	0	0	0	1101
< 0001	1101	11	1	0	0	0	1101
< 0010	1101	11	1	0	0	0	1111
< 0011	1101	11	1	0	0	0	1111
< 0100	1101	11	1	0	0	0	1101
< 0101	1101	11	1	0	0	0	1101
< 0110	1101	11	1	0	0	0	1111
< 0111	1101	11	1	0	0	0	1111
< 1000	1101	11	1	0	0	0	1101
< 1001	1101	11	1	0	0	0	1101
< 1010	1101	11	1	0	0	0	1111
< 1011	1101	11	1	0	0	0	1111
< 1100	1101	11	1	0	0	0	1101
< 1101	1101	11	1	0	0	0	1101
< 1110	1101	11	1	0	0	0	1111
< 1111	1101	11	1	0	0	0	1111
< 0000	1110	11	1	0	0	0	1110
< 0001	1110	11	1	0	0	0	1111
< 0010	1110	11	1	0	0	0	1110
< 0011	1110	11	1	0	0	0	1111
< 0100	1110	11	1	0	0	0	1110
< 0101	1110	11	1	0	0	0	1111
< 0110	1110	11	1	0	0	0	1110
< 0111	1110	11	1	0	0	0	1111
< 1000	1110	11	1	0	0	0	1110
< 1001	1110	11	1	0	0	0	1111
< 1010	1110	11	1	0	0	0	1110
< 1011	1110	11	1	0	0	0	1111
< 1100	1110	11	1	0	0	0	1110
< 1101	1110	11	1	0	0	0	1111
< 1110	1110	11	1	0	0	0	1110
< 1111	1110	11	1	0	0	0	1111
< 0000	1111	11	1	0	0	0	1111
< 0001	1111	11	1	0	0	0	1111
< 0010	1111	11	1	0	0	0	1111
< 0011	1111	11	1	0	0	0	1111
< 0100	1111	11	1	0	0	0	1111
< 0101	1111	11	1	0	0	0	1111
< 0110	1111	11	1	0	0	0	1111
< 0111	1111	11	1	0	0	0	1111
< 1000	1111	11	1	0	0	0	1111
< 1001	1111	11	1	0	0	0	1111
< 1010	1111	11	1	0	0	0	1111
< 1011	1111	11	1	0	0	0	1111
< 1100	1111	11	1	0	0	0	1111
< 1101	1111	11	1	0	0	0	1111
< 1110	1111	11	1	0	0	0	1111
< 1111	1111	11	1	0	0	0	1111
---
> 1000	0111	11	0	1	0	0	1111
> 1001	0111	11	0	1	0	0	1111
> 1010	0111	11	0	1	0	0	1111
> 1011	0111	11	0	1	0	0	1111
> 1100	0111	11	0	1	0	0	1111
> 1101	0111	11	0	1	0	0	1111
> 1110	0111	11	0	1	0	0	1111
> 1111	0111	11	0	1	0	0	1111
> 0000	1000	11	0	1	0	0	1000
> 0001	1000	11	0	1	0	0	1001
> 0010	1000	11	0	1	0	0	1010
> 0011	1000	11	0	1	0	0	1011
> 0100	1000	11	0	1	0	0	1100
> 0101	1000	11	0	1	0	0	1101
> 0110	1000	11	0	1	0	0	1110
> 0111	1000	11	0	1	0	0	1111
> 1000	1000	11	0	1	0	0	1000
> 1001	1000	11	0	1	0	0	1001
> 1010	1000	11	0	1	0	0	1010
> 1011	1000	11	0	1	0	0	1011
> 1100	1000	11	0	1	0	0	1100
> 1101	1000	11	0	1	0	0	1101
> 1110	1000	11	0	1	0	0	1110
> 1111	1000	11	0	1	0	0	1111
> 0000	1001	11	0	1	0	0	1001
> 0001	1001	11	0	1	0	0	1001
> 0010	1001	11	0	1	0	0	1011
> 0011	1001	11	0	1	0	0	1011
> 0100	1001	11	0	1	0	0	1101
> 0101	1001	11	0	1	0	0	1101
> 0110	1001	11	0	1	0	0	1111
> 0111	1001	11	0	1	0	0	1111
> 1000	1001	11	0	1	0	0	1001
> 1001	1001	11	0	1	0	0	1001
> 1010	1001	11	0	1	0	0	1011
> 1011	1001	11	0	1	0	0	1011
> 1100	1001	11	0	1	0	0	1101
> 1101	1001	11	0	1	0	0	1101
> 1110	1001	11	0	1	0	0	1111
> 1111	1001	11	0	1	0	0	1111
> 0000	1010	11	0	1	0	0	1010
> 0001	1010	11	0	1	0	0	1011
> 0010	1010	11	0	1	0	0	1010
> 0011	1010	11	0	1	0	0	1011
> 0100	1010	11	0	1	0	0	1110
> 0101	1010	11	0	1	0	0	1111
> 0110	1010	11	0	1	0	0	1110
> 0111	1010	11	0	1	0	0	1111
> 1000	1010	11	0	1	0	0	1010
> 1001	1010	11	0	1	0	0	1011
> 1010	1010	11	0	1	0	0	1010
> 1011	1010	11	0	1	0	0	1011
> 1100	1010	11	0	1	0	0	1110
> 1101	1010	11	0	1	0	0	1111
> 1110	1010	11	0	1	0	0	1110
> 1111	1010	11	0	1	0	0	1111
> 0000	1011	11	0	1	0	0	1011
> 0001	1011	11	0	1	0	0	1011
> 0010	1011	11	0	1	0	0	1011
> 0011	1011	11	0	1	0	0	1011
> 0100	1011	11	0	1	0	0	1111
> 0101	1011	11	0	1	0	0	1111
> 0110	1011	11	0	1	0	0	1111
> 0111	1011	11	0	1	0	0	1111
> 1000	1011	11	0	1	0	0	1011
> 1001	1011	11	0	1	0	0	1011
> 1010	1011	11	0	1	0	0	1011
> 1011	1011	11	0	1	0	0	1011
> 1100	1011	11	0	1	0	0	1111
> 1101	1011	11	0	1	0	0	1111
> 1110	1011	11	0	1	0	0	1111
> 1111	1011	11	0	1	0	0	1111
> 0000	1100	11	0	1	0	0	1100
> 0001	1100	11	0	1	0	0	1101
> 0010	1100	11	0	1	0	0	1110
> 0011	1100	11	0	1	0	0	1111
> 0100	1100	11	0	1	0	0	1100
> 0101	1100	11	0	1	0	0	1101
> 0110	1100	11	0	1	0	0	1110
> 0111	1100	11	0	1	0	0	1111
> 1000	1100	11	0	1	0	0	1100
> 1001	1100	11	0	1	0	0	1101
> 1010	1100	11	0	1	0	0	1110
> 1011	1100	11	0	1	0	0	1111
> 1100	1100	11	0	1	0	0	1100
> 1101	1100	11	0	1	0	0	1101
> 1110	1100	11	0	1	0	0	1110
> 1111	1100	11	0	1	0	0	1111
> 0000	1101	11	0	1	0	0	1101
> 0001	1101	11	0	1	0	0	1101
> 0010	1101	11	0	1	0	0	1111
> 0011	1101	11	0	1	0	0	1111
> 0100	1101	11	0	1	0	0	1101
> 0101	1101	11	0	1	0	0	1101
> 0110	1101	11	0	1	0	0	1111
> 0111	1101	11	0	1	0	0	1111
> 1000	1101	11	0	1	0	0	1101
> 1001	1101	11	0	1	0	0	1101
> 1010	1101	11	0	1	0	0	1111
> 1011	1101	11	0	1	0	0	1111
> 1100	1101	11	0	1	0	0	1101
> 1101	1101	11	0	1	0	0	1101
> 1110	1101	11	0	1	0	0	1111
> 1111	1101	11	0	1	0	0	1111
> 0000	1110	11	0	1	0	0	1110
> 0001	1110	11	0	1	0	0	1111
> 0010	1110	11	0	1	0	0	1110
> 0011	1110	11	0	1	0	0	1111
> 0100	1110	11	0	1	0	0	1110
> 0101	1110	11	0	1	0	0	1111
> 0110	1110	11	0	1	0	0	1110
> 0111	1110	11	0	1	0	0	1111
> 1000	1110	11	0	1	0	0	1110
> 1001	1110	11	0	1	0	0	1111
> 1010	1110	11	0	1	0	0	1110
> 1011	1110	11	0	1	0	0	1111
> 1100	1110	11	0	1	0	0	1110
> 1101	1110	11	0	1	0	0	1111
> 1110	1110	11	0	1	0	0	1110
> 1111	1110	11	0	1	0	0	1111
> 0000	1111	11	0	1	0	0	1111
> 0001	1111	11	0	1	0	0	1111
> 0010	1111	11	0	1	0	0	1111
> 0011	1111	11	0	1	0	0	1111
> 0100	1111	11	0	1	0	0	1111
> 0101	1111	11	0	1	0	0	1111
> 0110	1111	11	0	1	0	0	1111
> 0111	1111	11	0	1	0	0	1111
> 1000	1111	11	0	1	0	0	1111
> 1001	1111	11	0	1	0	0	1111
> 1010	1111	11	0	1	0	0	1111
> 1011	1111	11	0	1	0	0	1111
> 1100	1111	11	0	1	0	0	1111
> 1101	1111	11	0	1	0	0	1111
> 1110	1111	11	0	1	0	0	1111
> 1111	1111	11	0	1	0	0	1111
